0.000000000000000000e+00 1.000000000000000000e+01 1.497593202971816626e-02
0.000000000000000000e+00 4.000000000000000000e+01 4.935907773492313050e-02
0.000000000000000000e+00 0.000000000000000000e+00 2.029430636295336769e-03
0.000000000000000000e+00 3.000000000000000000e+01 3.958476046092204714e-02
0.000000000000000000e+00 1.100000000000000000e+02 7.823744198132666361e-02
1.000000000000000000e+01 8.000000000000000000e+01 1.159597678565946893e-01
0.000000000000000000e+00 7.000000000000000000e+01 6.636337396097231889e-02
0.000000000000000000e+00 1.300000000000000000e+02 8.391879548357779328e-02
0.000000000000000000e+00 1.200000000000000000e+02 8.179702223566026609e-02
0.000000000000000000e+00 1.000000000000000000e+02 7.251503866274996990e-02
0.000000000000000000e+00 8.000000000000000000e+01 6.856474038720032638e-02
1.000000000000000000e+01 1.000000000000000000e+02 1.192220121190617904e-01
0.000000000000000000e+00 2.000000000000000000e+01 2.782185772665688589e-02
0.000000000000000000e+00 6.000000000000000000e+01 6.255592041167146178e-02
1.000000000000000000e+01 1.100000000000000000e+02 1.223562002182744801e-01
1.000000000000000000e+01 7.000000000000000000e+01 1.117058461635140054e-01
0.000000000000000000e+00 5.000000000000000000e+01 5.696212997409372258e-02
0.000000000000000000e+00 9.000000000000000000e+01 6.928277088808480755e-02
1.000000000000000000e+01 6.000000000000000000e+01 1.053769591186366344e-01
0.000000000000000000e+00 1.500000000000000000e+02 8.491707447114572871e-02
1.000000000000000000e+01 1.200000000000000000e+02 1.277764628945646519e-01
1.000000000000000000e+01 5.000000000000000000e+01 9.657866878054488513e-02
1.000000000000000000e+01 1.600000000000000000e+02 1.292232801322817093e-01
1.000000000000000000e+01 2.000000000000000000e+01 4.884738319208828394e-02
1.000000000000000000e+01 1.000000000000000000e+01 1.497593202971816105e-02
0.000000000000000000e+00 1.400000000000000000e+02 8.490032828126307940e-02
1.000000000000000000e+01 0.000000000000000000e+00 2.755866573615445639e-02
0.000000000000000000e+00 1.600000000000000000e+02 8.397706323217263291e-02
1.000000000000000000e+01 3.000000000000000000e+01 6.941414982909895059e-02
1.000000000000000000e+01 4.000000000000000000e+01 8.481596538508857919e-02
1.000000000000000000e+01 1.500000000000000000e+02 1.315765552661040672e-01
2.000000000000000000e+01 0.000000000000000000e+00 5.072451856297890971e-02
0.000000000000000000e+00 1.700000000000000000e+02 8.209399951860335554e-02
1.000000000000000000e+01 9.000000000000000000e+01 1.184145661888725415e-01
2.000000000000000000e+01 8.000000000000000000e+01 1.495606521577396431e-01
1.000000000000000000e+01 1.300000000000000000e+02 1.307883061584043383e-01
1.000000000000000000e+01 1.400000000000000000e+02 1.320197864710298541e-01
2.000000000000000000e+01 7.000000000000000000e+01 1.420621320358822492e-01
1.000000000000000000e+01 1.700000000000000000e+02 1.239462279251319493e-01
2.000000000000000000e+01 6.000000000000000000e+01 1.314080393065186203e-01
2.000000000000000000e+01 1.000000000000000000e+01 3.967777786360063286e-02
2.000000000000000000e+01 1.500000000000000000e+02 1.671580600163014851e-01
2.000000000000000000e+01 1.100000000000000000e+02 1.581298143820366320e-01
2.000000000000000000e+01 5.000000000000000000e+01 1.167843024237777694e-01
3.000000000000000000e+01 7.000000000000000000e+01 1.570507133502622998e-01
2.000000000000000000e+01 1.300000000000000000e+02 1.658305549604136842e-01
2.000000000000000000e+01 2.000000000000000000e+01 2.782185772665674711e-02
2.000000000000000000e+01 9.000000000000000000e+01 1.544710105627025709e-01
2.000000000000000000e+01 1.700000000000000000e+02 1.575184529764799002e-01
2.000000000000000000e+01 3.000000000000000000e+01 6.941414982909896447e-02
3.000000000000000000e+01 3.000000000000000000e+01 3.958476046092211653e-02
3.000000000000000000e+01 2.000000000000000000e+01 5.057891931437192429e-02
2.000000000000000000e+01 1.200000000000000000e+02 1.610518919268773275e-01
3.000000000000000000e+01 1.000000000000000000e+01 6.085759508073379509e-02
2.000000000000000000e+01 1.000000000000000000e+02 1.571913556679257473e-01
3.000000000000000000e+01 0.000000000000000000e+00 7.105017439887875708e-02
4.000000000000000000e+01 4.000000000000000000e+01 4.935907773492315131e-02
2.000000000000000000e+01 4.000000000000000000e+01 9.692791008474579972e-02
4.000000000000000000e+01 1.200000000000000000e+02 2.078229332492381731e-01
3.000000000000000000e+01 4.000000000000000000e+01 8.481596538508694161e-02
3.000000000000000000e+01 1.000000000000000000e+02 1.834108537318077659e-01
2.000000000000000000e+01 1.600000000000000000e+02 1.640088857931653599e-01
4.000000000000000000e+01 1.300000000000000000e+02 2.087928013695812823e-01
3.000000000000000000e+01 1.700000000000000000e+02 1.857822893601807634e-01
2.000000000000000000e+01 1.400000000000000000e+02 1.677082981164078612e-01
3.000000000000000000e+01 8.000000000000000000e+01 1.693573238201157849e-01
4.000000000000000000e+01 7.000000000000000000e+01 1.570507133502615782e-01
4.000000000000000000e+01 5.000000000000000000e+01 9.657866878054509330e-02
3.000000000000000000e+01 1.600000000000000000e+02 1.918740462230839328e-01
4.000000000000000000e+01 1.500000000000000000e+02 2.143819847993432282e-01
4.000000000000000000e+01 1.000000000000000000e+02 1.989816768201994046e-01
3.000000000000000000e+01 9.000000000000000000e+01 1.779245323486075836e-01
4.000000000000000000e+01 1.600000000000000000e+02 2.135996184979125911e-01
4.000000000000000000e+01 8.000000000000000000e+01 1.759101609290823209e-01
4.000000000000000000e+01 1.100000000000000000e+02 2.049319011732355644e-01
4.000000000000000000e+01 3.000000000000000000e+01 5.983603516802864231e-02
4.000000000000000000e+01 1.000000000000000000e+01 8.088765031195616073e-02
4.000000000000000000e+01 6.000000000000000000e+01 1.314080393065192587e-01
4.000000000000000000e+01 1.400000000000000000e+02 2.111746296666453526e-01
3.000000000000000000e+01 5.000000000000000000e+01 1.167843024237778388e-01
4.000000000000000000e+01 9.000000000000000000e+01 1.895405572220092705e-01
3.000000000000000000e+01 1.100000000000000000e+02 1.862517921180854297e-01
4.000000000000000000e+01 2.000000000000000000e+01 7.004652632603440565e-02
3.000000000000000000e+01 1.500000000000000000e+02 1.944495156460409047e-01
3.000000000000000000e+01 1.400000000000000000e+02 1.939012214709636694e-01
4.000000000000000000e+01 0.000000000000000000e+00 9.169693286621174999e-02
3.000000000000000000e+01 6.000000000000000000e+01 1.400258679033360709e-01
5.000000000000000000e+01 1.000000000000000000e+01 1.010238326934475989e-01
5.000000000000000000e+01 1.400000000000000000e+02 2.243674433649968936e-01
5.000000000000000000e+01 2.000000000000000000e+01 8.928590477182377083e-02
5.000000000000000000e+01 6.000000000000000000e+01 1.053769591186370924e-01
5.000000000000000000e+01 0.000000000000000000e+00 1.111811231459912258e-01
3.000000000000000000e+01 1.200000000000000000e+02 1.872348967907179751e-01
5.000000000000000000e+01 3.000000000000000000e+01 7.767675717135279212e-02
5.000000000000000000e+01 1.000000000000000000e+02 2.041505118595960677e-01
5.000000000000000000e+01 4.000000000000000000e+01 6.721161126527271101e-02
4.000000000000000000e+01 1.700000000000000000e+02 2.090478190125502900e-01
5.000000000000000000e+01 5.000000000000000000e+01 5.696212997409341033e-02
3.000000000000000000e+01 1.300000000000000000e+02 1.898954916041112884e-01
5.000000000000000000e+01 8.000000000000000000e+01 1.693573238201159237e-01
5.000000000000000000e+01 1.100000000000000000e+02 2.142440249759262338e-01
5.000000000000000000e+01 7.000000000000000000e+01 1.420621320358818052e-01
5.000000000000000000e+01 1.600000000000000000e+02 2.288503455659532948e-01
5.000000000000000000e+01 1.200000000000000000e+02 2.205345160688269024e-01
5.000000000000000000e+01 1.700000000000000000e+02 2.267810138484405436e-01
5.000000000000000000e+01 9.000000000000000000e+01 1.895405572220085766e-01
5.000000000000000000e+01 1.300000000000000000e+02 2.234360527006203634e-01
5.000000000000000000e+01 1.500000000000000000e+02 2.264527309792476739e-01
6.000000000000000000e+01 5.000000000000000000e+01 7.259780110131804076e-02
6.000000000000000000e+01 0.000000000000000000e+00 1.266649496871480041e-01
6.000000000000000000e+01 9.000000000000000000e+01 1.779245323486073616e-01
6.000000000000000000e+01 1.000000000000000000e+01 1.186992779535187836e-01
6.000000000000000000e+01 3.000000000000000000e+01 9.549693453909238738e-02
6.000000000000000000e+01 6.000000000000000000e+01 6.255592041167140627e-02
6.000000000000000000e+01 1.000000000000000000e+02 1.989816768201996822e-01
6.000000000000000000e+01 4.000000000000000000e+01 8.328885464503675562e-02
6.000000000000000000e+01 1.100000000000000000e+02 2.142440249759266224e-01
6.000000000000000000e+01 8.000000000000000000e+01 1.495606521577395320e-01
6.000000000000000000e+01 2.000000000000000000e+01 1.079304821838558415e-01
6.000000000000000000e+01 1.300000000000000000e+02 2.312767945637003997e-01
6.000000000000000000e+01 7.000000000000000000e+01 1.117058461635141303e-01
7.000000000000000000e+01 1.000000000000000000e+01 1.313100050579576739e-01
6.000000000000000000e+01 1.200000000000000000e+02 2.247698829243721386e-01
6.000000000000000000e+01 1.400000000000000000e+02 2.341593074728517687e-01
6.000000000000000000e+01 1.500000000000000000e+02 2.350444319284659689e-01
6.000000000000000000e+01 1.700000000000000000e+02 2.382795791661138918e-01
7.000000000000000000e+01 0.000000000000000000e+00 1.360885288294969298e-01
6.000000000000000000e+01 1.600000000000000000e+02 2.367778822674891925e-01
7.000000000000000000e+01 3.000000000000000000e+01 1.119882203060428572e-01
7.000000000000000000e+01 2.000000000000000000e+01 1.230953441146447058e-01
7.000000000000000000e+01 5.000000000000000000e+01 8.670298721790523078e-02
7.000000000000000000e+01 6.000000000000000000e+01 7.603357403472819909e-02
7.000000000000000000e+01 4.000000000000000000e+01 9.918480664208401132e-02
7.000000000000000000e+01 7.000000000000000000e+01 6.636337396097231889e-02
7.000000000000000000e+01 1.000000000000000000e+02 1.834108537318079324e-01
7.000000000000000000e+01 8.000000000000000000e+01 1.159597678565955636e-01
7.000000000000000000e+01 1.600000000000000000e+02 2.415489462776383711e-01
7.000000000000000000e+01 1.400000000000000000e+02 2.378762887170950691e-01
8.000000000000000000e+01 8.000000000000000000e+01 6.856474038720059005e-02
8.000000000000000000e+01 3.000000000000000000e+01 1.238557293339953014e-01
8.000000000000000000e+01 1.300000000000000000e+02 2.234360527006206409e-01
7.000000000000000000e+01 1.300000000000000000e+02 2.312767945637003997e-01
7.000000000000000000e+01 9.000000000000000000e+01 1.544710105626981578e-01
8.000000000000000000e+01 5.000000000000000000e+01 9.998217874505462011e-02
7.000000000000000000e+01 1.200000000000000000e+02 2.205345160688271522e-01
8.000000000000000000e+01 1.000000000000000000e+01 1.368544491057132051e-01
8.000000000000000000e+01 1.600000000000000000e+02 2.434567339484669246e-01
7.000000000000000000e+01 1.100000000000000000e+02 2.049319011732349261e-01
8.000000000000000000e+01 1.100000000000000000e+02 1.862517921180850411e-01
7.000000000000000000e+01 1.500000000000000000e+02 2.407108576971997149e-01
8.000000000000000000e+01 9.000000000000000000e+01 1.184145661888723333e-01
8.000000000000000000e+01 2.000000000000000000e+01 1.320840969768779516e-01
8.000000000000000000e+01 1.000000000000000000e+02 1.571913556679273571e-01
8.000000000000000000e+01 0.000000000000000000e+00 1.375681080358127639e-01
8.000000000000000000e+01 7.000000000000000000e+01 7.748761385545557823e-02
8.000000000000000000e+01 1.400000000000000000e+02 2.341593074728520463e-01
7.000000000000000000e+01 1.700000000000000000e+02 2.427637871717901463e-01
8.000000000000000000e+01 1.200000000000000000e+02 2.078229332492376735e-01
9.000000000000000000e+01 7.000000000000000000e+01 8.708448847648499191e-02
8.000000000000000000e+01 4.000000000000000000e+01 1.127397531546111692e-01
8.000000000000000000e+01 6.000000000000000000e+01 8.769318151520479054e-02
9.000000000000000000e+01 3.000000000000000000e+01 1.310234239948045165e-01
8.000000000000000000e+01 1.500000000000000000e+02 2.407108576971997149e-01
9.000000000000000000e+01 1.000000000000000000e+01 1.364576878270837290e-01
9.000000000000000000e+01 9.000000000000000000e+01 6.928277088808415529e-02
9.000000000000000000e+01 2.000000000000000000e+01 1.357713639664490657e-01
9.000000000000000000e+01 0.000000000000000000e+00 1.353352832366016001e-01
1.000000000000000000e+02 1.500000000000000000e+02 2.264527309792479515e-01
9.000000000000000000e+01 5.000000000000000000e+01 1.117632435587418843e-01
8.000000000000000000e+01 1.700000000000000000e+02 2.442460607521017013e-01
9.000000000000000000e+01 1.300000000000000000e+02 2.087928013695809215e-01
1.100000000000000000e+02 5.000000000000000000e+01 1.340229563204961005e-01
9.000000000000000000e+01 8.000000000000000000e+01 7.739288036419622596e-02
9.000000000000000000e+01 1.700000000000000000e+02 2.442460607521017013e-01
1.000000000000000000e+02 1.700000000000000000e+02 2.427637871717901463e-01
1.000000000000000000e+02 4.000000000000000000e+01 1.326694316714536748e-01
1.100000000000000000e+02 1.000000000000000000e+01 1.368544491057062107e-01
1.000000000000000000e+02 6.000000000000000000e+01 1.139240766365641477e-01
9.000000000000000000e+01 4.000000000000000000e+01 1.228244821766223960e-01
1.000000000000000000e+02 1.000000000000000000e+01 1.364576878270771509e-01
1.100000000000000000e+02 6.000000000000000000e+01 1.267472704786255788e-01
9.000000000000000000e+01 6.000000000000000000e+01 9.912199400160405516e-02
9.000000000000000000e+01 1.200000000000000000e+02 1.872348967907183914e-01
9.000000000000000000e+01 1.600000000000000000e+02 2.415489462776383711e-01
9.000000000000000000e+01 1.100000000000000000e+02 1.581298143820380198e-01
1.100000000000000000e+02 4.000000000000000000e+01 1.377159541991833658e-01
9.000000000000000000e+01 1.400000000000000000e+02 2.243674433649965050e-01
1.100000000000000000e+02 2.000000000000000000e+01 1.357713639664469840e-01
1.000000000000000000e+02 1.100000000000000000e+02 1.223562002182742720e-01
1.000000000000000000e+02 5.000000000000000000e+01 1.247318465602880594e-01
1.100000000000000000e+02 7.000000000000000000e+01 1.166141755862348389e-01
9.000000000000000000e+01 1.500000000000000000e+02 2.350444319284659411e-01
1.000000000000000000e+02 7.000000000000000000e+01 1.015542721667263698e-01
1.100000000000000000e+02 0.000000000000000000e+00 1.360885288294959028e-01
1.000000000000000000e+02 1.600000000000000000e+02 2.367778822674894701e-01
1.000000000000000000e+02 2.000000000000000000e+01 1.375773996152761247e-01
9.000000000000000000e+01 1.000000000000000000e+02 1.192220121190610133e-01
1.000000000000000000e+02 1.000000000000000000e+02 7.251503866275035848e-02
1.000000000000000000e+02 3.000000000000000000e+01 1.371332904682960319e-01
1.100000000000000000e+02 1.300000000000000000e+02 1.658305549604093543e-01
1.000000000000000000e+02 0.000000000000000000e+00 1.375681080358134023e-01
1.100000000000000000e+02 3.000000000000000000e+01 1.371332904682901477e-01
1.000000000000000000e+02 9.000000000000000000e+01 8.037022682568384369e-02
1.100000000000000000e+02 1.000000000000000000e+02 8.538048713687518276e-02
1.000000000000000000e+02 8.000000000000000000e+01 8.978246042176336872e-02
1.000000000000000000e+02 1.200000000000000000e+02 1.610518919268789373e-01
1.000000000000000000e+02 1.400000000000000000e+02 2.111746296666448808e-01
1.000000000000000000e+02 1.300000000000000000e+02 1.898954916041108998e-01
1.100000000000000000e+02 8.000000000000000000e+01 1.049882579807948219e-01
1.100000000000000000e+02 9.000000000000000000e+01 9.400070854058376058e-02
1.200000000000000000e+02 2.000000000000000000e+01 1.320840969768728446e-01
1.200000000000000000e+02 1.000000000000000000e+02 9.523661587149082064e-02
1.100000000000000000e+02 1.700000000000000000e+02 2.382795791661138918e-01
1.200000000000000000e+02 4.000000000000000000e+01 1.326694316714489563e-01
1.200000000000000000e+02 3.000000000000000000e+01 1.310234239948162571e-01
1.300000000000000000e+02 1.000000000000000000e+02 1.024677593032696371e-01
1.300000000000000000e+02 1.600000000000000000e+02 1.918740462230837940e-01
1.300000000000000000e+02 0.000000000000000000e+00 1.111811231459909760e-01
1.300000000000000000e+02 6.000000000000000000e+01 1.267472704786242743e-01
1.100000000000000000e+02 1.600000000000000000e+02 2.288503455659535446e-01
1.200000000000000000e+02 0.000000000000000000e+00 1.266649496871476988e-01
1.200000000000000000e+02 1.600000000000000000e+02 2.135996184979136181e-01
1.300000000000000000e+02 1.700000000000000000e+02 2.090478190125501512e-01
1.200000000000000000e+02 1.300000000000000000e+02 1.307883061584058093e-01
1.100000000000000000e+02 1.500000000000000000e+02 2.143819847993420069e-01
1.300000000000000000e+02 3.000000000000000000e+01 1.238557293339985210e-01
1.100000000000000000e+02 1.400000000000000000e+02 1.939012214709638082e-01
1.300000000000000000e+02 8.000000000000000000e+01 1.192006984935611996e-01
1.200000000000000000e+02 1.500000000000000000e+02 1.944495156460406549e-01
1.200000000000000000e+02 1.200000000000000000e+02 8.179702223566027997e-02
1.200000000000000000e+02 1.100000000000000000e+02 8.785372235019513198e-02
1.200000000000000000e+02 5.000000000000000000e+01 1.340229563204944907e-01
1.200000000000000000e+02 6.000000000000000000e+01 1.310208850127723701e-01
1.300000000000000000e+02 9.000000000000000000e+01 1.113796994093377152e-01
1.300000000000000000e+02 1.000000000000000000e+01 1.186992779535202130e-01
1.200000000000000000e+02 9.000000000000000000e+01 1.049686694915025198e-01
1.300000000000000000e+02 2.000000000000000000e+01 1.230953441146431099e-01
1.400000000000000000e+02 4.000000000000000000e+01 1.127397531546114745e-01
1.400000000000000000e+02 1.700000000000000000e+02 1.857822893601807357e-01
1.200000000000000000e+02 7.000000000000000000e+01 1.245780099410618152e-01
1.300000000000000000e+02 1.300000000000000000e+02 8.391879548357723817e-02
1.300000000000000000e+02 1.400000000000000000e+02 1.320197864710292435e-01
1.200000000000000000e+02 1.400000000000000000e+02 1.677082981164043085e-01
1.300000000000000000e+02 4.000000000000000000e+01 1.228244821766124595e-01
1.100000000000000000e+02 1.200000000000000000e+02 1.277764628945655123e-01
1.300000000000000000e+02 1.500000000000000000e+02 1.671580600163017627e-01
1.200000000000000000e+02 8.000000000000000000e+01 1.154440144830445047e-01
1.300000000000000000e+02 5.000000000000000000e+01 1.247318465602917370e-01
1.300000000000000000e+02 1.100000000000000000e+02 9.443066458551452325e-02
1.300000000000000000e+02 1.200000000000000000e+02 8.864603690898636978e-02
1.200000000000000000e+02 1.000000000000000000e+01 1.313100050579589784e-01
1.400000000000000000e+02 1.100000000000000000e+02 9.825323585166390039e-02
1.500000000000000000e+02 2.000000000000000000e+01 8.928590477182681007e-02
1.400000000000000000e+02 3.000000000000000000e+01 1.119882203060543618e-01
