1.000000000000000000e+00 7.000000000000000000e+00 5.420547617373662475e-02
3.000000000000000000e+00 5.000000000000000000e+00 5.082079061307998025e-02
3.000000000000000000e+00 1.000000000000000000e+00 5.075609268081951453e-02
7.000000000000000000e+00 3.000000000000000000e+00 6.149785766362138306e-02
5.000000000000000000e+00 9.000000000000000000e+00 6.012122824949771988e-02
1.000000000000000000e+00 3.000000000000000000e+00 4.692494488453594070e-02
3.000000000000000000e+00 3.000000000000000000e+00 4.889175352569463673e-02
7.000000000000000000e+00 1.000000000000000000e+00 6.489659288013542582e-02
1.000000000000000000e+00 1.000000000000000000e+00 4.505817786925363916e-02
9.000000000000000000e+00 1.000000000000000000e+00 7.121694395183350568e-02
5.000000000000000000e+00 3.000000000000000000e+00 5.435824372540233596e-02
1.000000000000000000e+00 5.000000000000000000e+00 5.076968722331314660e-02
3.000000000000000000e+00 9.000000000000000000e+00 5.941968204596951436e-02
5.000000000000000000e+00 1.000000000000000000e+00 5.818535421091293458e-02
7.000000000000000000e+00 5.000000000000000000e+00 5.768400009927335953e-02
5.000000000000000000e+00 5.000000000000000000e+00 5.249749967732686429e-02
7.000000000000000000e+00 7.000000000000000000e+00 5.582782500032180961e-02
9.000000000000000000e+00 5.000000000000000000e+00 6.465852328423808693e-02
9.000000000000000000e+00 7.000000000000000000e+00 6.086088046419776271e-02
9.000000000000000000e+00 3.000000000000000000e+00 6.803989545972129183e-02
5.000000000000000000e+00 7.000000000000000000e+00 5.464333262895812449e-02
7.000000000000000000e+00 9.000000000000000000e+00 5.815878928227870281e-02
9.000000000000000000e+00 9.000000000000000000e+00 5.901031921064901764e-02
1.000000000000000000e+00 9.000000000000000000e+00 5.744608732117151284e-02
3.000000000000000000e+00 7.000000000000000000e+00 5.535659972558067826e-02
